[app/install/install_source_checksum]
version = 7.1.3
modtime = 1538254327.971704000

[outputs/tcpout%3Asplunkcloud]
version = 7.1.3
modtime = 1538254328.127554000
